0.080659 294
0.777177 1
0.056768 1
0.153651 1
0.191372 1
0.212593 1
0.209503 1
0.170659 1
0.096185 1
0.139596 1
0.153199 1
0.088417 1
0.224100 1
0.069530 1
0.195105 1
1.600203 1
0.208561 1
0.238929 1
0.052772 11
0.003223 72
0.029846 54
0.000077 18
0.000031 1768
0.672924 2
0.218948 2
0.280165 4
0.203586 1
0.299202 1
0.695796 1
1.123016 1
0.476633 1
0.513225 1
0.175686 1
0.939310 30
0.658301 1
0.456121 1
0.000135 109
0.828351 1
1.776178 14
0.666729 16
0.085002 13
0.525894 13
0.973155 13
0.173795 13
2.745864 16
0.256643 30
1.192173 1
0.320066 1
0.349257 1
0.000375 36
0.030491 26
0.000107 62
0.000710 294
2.597160 1
0.193697 1
0.140650 1
0.722558 1
0.536954 1
0.249364 1
0.205815 1
0.110220 1
0.144262 1
0.170493 1
0.104446 1
0.220905 1
0.086468 1
0.271749 1
0.322338 1
0.282097 1
0.258703 1
0.078980 1
0.420327 1
0.239535 1
0.198679 1
0.177479 1
0.103422 1
0.125846 1
0.188208 1
0.085041 1
0.321173 1
0.263955 4
0.132383 1
0.108282 1
0.144253 1
0.120508 1
0.166066 1
0.245861 2
0.000013 9
0.003853 8
0.000018 286
1.208604 1
0.063911 1
0.233697 1
0.381576 4
0.164130 4
0.390687 1
0.179790 1
0.276322 4
0.036266 1
0.196366 1
0.244132 1
0.190102 9
0.677835 1
0.177368 1
0.188999 1
0.429069 11
0.004062 39
0.001242 268
0.000366 294
1.540898 1
0.198587 1
0.085275 1
0.152642 1
0.061326 11
0.000028 6
